
0.000000 0.000000 0.000000
0.040000 0.006256 0.006283
0.080000 0.012512 0.012566
0.120000 0.018768 0.018848
0.160000 0.025024 0.025130
0.200000 0.031281 0.031411
0.240000 0.037537 0.037690
0.280000 0.043793 0.043968
0.320000 0.050049 0.050244
0.360000 0.056305 0.056519
0.400000 0.062561 0.062791
0.440000 0.068817 0.069060
0.480000 0.075073 0.075327
0.520000 0.081329 0.081591
0.560000 0.087585 0.087851
0.600000 0.093842 0.094108
0.640000 0.100098 0.100362
0.680000 0.106354 0.106611
0.720000 0.112610 0.112856
0.760000 0.118866 0.119097
0.800000 0.125122 0.125333
0.840000 0.131378 0.131564
0.880000 0.137634 0.137790
0.920000 0.143890 0.144011
0.960000 0.150146 0.150226
1.000000 0.156403 0.156434
1.040000 0.162506 0.162637
1.080000 0.168610 0.168833
1.120000 0.174713 0.175023
1.160000 0.179291 0.181206
1.200000 0.186920 0.187381
1.240000 0.193024 0.193549
1.280000 0.199127 0.199710
1.320000 0.205231 0.205863
1.360000 0.211334 0.212007
1.400000 0.217438 0.218143
1.440000 0.223541 0.224271
1.480000 0.229645 0.230389
1.520000 0.235748 0.236499
1.560000 0.241852 0.242599
1.600000 0.247955 0.248690
1.640000 0.254059 0.254771
1.680000 0.260162 0.260842
1.720000 0.266266 0.266902
1.760000 0.272369 0.272952
1.800000 0.278473 0.278991
1.840000 0.284576 0.285019
1.880000 0.290680 0.291036
1.920000 0.296783 0.297042
1.960000 0.302887 0.303035
2.000000 0.308990 0.309017
2.040000 0.314790 0.314987
2.080000 0.320590 0.320944
2.120000 0.326389 0.326888
2.160000 0.332189 0.332820
2.200000 0.337988 0.338738
2.240000 0.343788 0.344643
2.280000 0.349587 0.350534
2.320000 0.353937 0.356412
2.360000 0.361187 0.362275
2.400000 0.366986 0.368125
2.440000 0.372786 0.373959
2.480000 0.378585 0.379779
2.520000 0.384385 0.385584
2.560000 0.390184 0.391374
2.600000 0.395984 0.397148
2.640000 0.401783 0.402906
2.680000 0.407583 0.408649
2.720000 0.413383 0.414376
2.760000 0.419182 0.420086
2.800000 0.424982 0.425779
2.840000 0.430781 0.431456
2.880000 0.436581 0.437116
2.920000 0.442380 0.442758
2.960000 0.448180 0.448383
3.000000 0.453979 0.453991
3.040000 0.459331 0.459580
3.080000 0.464683 0.465151
3.120000 0.470034 0.470704
3.160000 0.475386 0.476238
3.200000 0.480737 0.481754
3.240000 0.486089 0.487250
3.280000 0.491440 0.492727
3.320000 0.496792 0.498185
3.360000 0.502144 0.503623
3.400000 0.507495 0.509041
3.440000 0.512847 0.514440
3.480000 0.518198 0.519817
3.520000 0.523550 0.525175
3.560000 0.528901 0.530511
3.600000 0.534253 0.535827
3.640000 0.539604 0.541121
3.680000 0.544956 0.546394
3.720000 0.550308 0.551646
3.760000 0.555659 0.556876
3.800000 0.561011 0.562083
3.840000 0.566362 0.567269
3.880000 0.571714 0.572432
3.920000 0.577065 0.577573
3.960000 0.582417 0.582690
4.000000 0.587769 0.587785
4.040000 0.592542 0.592857
4.080000 0.597314 0.597905
4.120000 0.602087 0.602930
4.160000 0.606860 0.607930
4.200000 0.611633 0.612907
4.240000 0.616406 0.617860
4.280000 0.621179 0.622788
4.320000 0.625952 0.627691
4.360000 0.630725 0.632570
4.400000 0.635498 0.637424
4.440000 0.640271 0.642253
4.480000 0.645044 0.647056
4.520000 0.649817 0.651834
4.560000 0.654590 0.656586
4.600000 0.659363 0.661312
4.640000 0.662943 0.666012
4.680000 0.668909 0.670686
4.720000 0.673682 0.675333
4.760000 0.678455 0.679953
4.800000 0.683228 0.684547
4.840000 0.688001 0.689114
4.880000 0.692773 0.693653
4.920000 0.697546 0.698165
4.960000 0.702319 0.702650
5.000000 0.707092 0.707107
5.040000 0.711168 0.711536
5.080000 0.715244 0.715936
5.120000 0.719320 0.720309
5.160000 0.723396 0.724653
5.200000 0.727472 0.728969
5.240000 0.731548 0.733255
5.280000 0.735624 0.737513
5.320000 0.739700 0.741742
5.360000 0.743776 0.745941
5.400000 0.747852 0.750111
5.440000 0.751927 0.754251
5.480000 0.756003 0.758362
5.520000 0.760079 0.762443
5.560000 0.764155 0.766493
5.600000 0.768231 0.770513
5.640000 0.772307 0.774503
5.680000 0.776383 0.778462
5.720000 0.780459 0.782391
5.760000 0.784535 0.786288
5.800000 0.788611 0.790155
5.840000 0.792687 0.793990
5.880000 0.796763 0.797794
5.920000 0.800839 0.801567
5.960000 0.804915 0.805308
6.000000 0.808990 0.809017
6.040000 0.812271 0.812694
6.080000 0.815551 0.816339
6.120000 0.818831 0.819952
6.160000 0.822111 0.823533
6.200000 0.825391 0.827081
6.240000 0.828671 0.830596
6.280000 0.831951 0.834078
6.320000 0.835231 0.837528
6.360000 0.838511 0.840945
6.400000 0.841791 0.844328
6.440000 0.845071 0.847678
6.480000 0.848351 0.850994
6.520000 0.851631 0.854277
6.560000 0.854911 0.857527
6.600000 0.858191 0.860742
6.640000 0.861471 0.863923
6.680000 0.864751 0.867071
6.720000 0.868031 0.870184
6.760000 0.871311 0.873262
6.800000 0.874591 0.876307
6.840000 0.877871 0.879316
6.880000 0.881151 0.882291
6.920000 0.884431 0.885231
6.960000 0.887711 0.888136
7.000000 0.890991 0.891007
7.040000 0.893392 0.893841
7.080000 0.895793 0.896641
7.120000 0.898195 0.899405
7.160000 0.900596 0.902134
7.200000 0.902997 0.904827
7.240000 0.905398 0.907484
7.280000 0.907799 0.910106
7.320000 0.910200 0.912692
7.360000 0.912601 0.915241
7.400000 0.915002 0.917755
7.440000 0.917404 0.920232
7.480000 0.919805 0.922673
7.520000 0.922206 0.925077
7.560000 0.924607 0.927445
7.600000 0.927008 0.929776
7.640000 0.929409 0.932071
7.680000 0.931810 0.934329
7.720000 0.934211 0.936550
7.760000 0.936613 0.938734
7.800000 0.939014 0.940881
7.840000 0.941415 0.942991
7.880000 0.943816 0.945063
7.920000 0.946217 0.947098
7.960000 0.948618 0.949096
8.000000 0.951019 0.951057
8.040000 0.952485 0.952979
8.080000 0.953951 0.954865
8.120000 0.955417 0.956712
8.160000 0.956884 0.958522
8.200000 0.957983 0.960294
8.240000 0.959816 0.962028
8.280000 0.960915 0.963724
8.320000 0.962748 0.965382
8.360000 0.964214 0.967001
8.400000 0.965680 0.968583
8.440000 0.967146 0.970127
8.480000 0.968612 0.971632
8.520000 0.970078 0.973099
8.560000 0.971544 0.974527
8.600000 0.973010 0.975917
8.640000 0.974476 0.977268
8.680000 0.975942 0.978581
8.720000 0.977408 0.979855
8.760000 0.978875 0.981091
8.800000 0.980341 0.982287
8.840000 0.981807 0.983445
8.880000 0.983273 0.984564
8.920000 0.984739 0.985645
8.960000 0.986205 0.986686
9.000000 0.987671 0.987688
9.040000 0.988163 0.988652
9.080000 0.988655 0.989576
9.120000 0.989147 0.990461
9.160000 0.989639 0.991308
9.200000 0.990131 0.992115
9.240000 0.990623 0.992883
9.280000 0.990992 0.993611
9.320000 0.991606 0.994301
9.360000 0.992098 0.994951
9.400000 0.992590 0.995562
9.440000 0.993082 0.996134
9.480000 0.993574 0.996666
9.520000 0.994066 0.997159
9.560000 0.994558 0.997613
9.600000 0.995050 0.998027
9.640000 0.995542 0.998402
9.680000 0.996034 0.998737
9.720000 0.996526 0.999033
9.760000 0.997018 0.999289
9.800000 0.997510 0.999507
9.840000 0.998002 0.999684
9.880000 0.998494 0.999822
9.920000 0.998986 0.999921
9.960000 0.999478 0.999980
10.000000 0.999969 1.000000
10.040000 0.999478 0.999980
10.080000 0.998986 0.999921
10.120000 0.998494 0.999822
10.160000 0.998002 0.999684
10.200000 0.997510 0.999507
10.240000 0.997018 0.999289
10.280000 0.996526 0.999033
10.320000 0.996034 0.998737
10.360000 0.995542 0.998402
10.400000 0.995050 0.998027
10.440000 0.994558 0.997613
10.480000 0.994066 0.997159
10.520000 0.993574 0.996666
10.560000 0.993082 0.996134
10.600000 0.992590 0.995562
10.640000 0.992098 0.994951
10.680000 0.991606 0.994301
10.720000 0.991114 0.993611
10.760000 0.990623 0.992883
10.800000 0.990131 0.992115
10.840000 0.989639 0.991308
10.880000 0.989147 0.990461
10.920000 0.988655 0.989576
10.960000 0.988163 0.988652
11.000000 0.987671 0.987688
11.040000 0.986205 0.986686
11.080000 0.984739 0.985645
11.120000 0.983273 0.984564
11.160000 0.981807 0.983445
11.200000 0.980341 0.982287
11.240000 0.978875 0.981091
11.280000 0.977408 0.979855
11.320000 0.975942 0.978581
11.360000 0.974476 0.977268
11.400000 0.973010 0.975917
11.440000 0.971544 0.974527
11.480000 0.970078 0.973099
11.520000 0.968612 0.971632
11.560000 0.967146 0.970127
11.600000 0.965680 0.968583
11.640000 0.964214 0.967001
11.680000 0.962748 0.965382
11.720000 0.961282 0.963724
11.760000 0.959816 0.962028
11.800000 0.958350 0.960294
11.840000 0.956884 0.958522
11.880000 0.955417 0.956712
11.920000 0.953951 0.954865
11.960000 0.952485 0.952979
12.000000 0.951019 0.951057
12.040000 0.948618 0.949096
12.080000 0.946217 0.947098
12.120000 0.943816 0.945063
12.160000 0.941415 0.942991
12.200000 0.939014 0.940881
12.240000 0.936613 0.938734
12.280000 0.934211 0.936550
12.320000 0.931810 0.934329
12.360000 0.929409 0.932071
12.400000 0.927008 0.929777
12.440000 0.924607 0.927445
12.480000 0.922206 0.925077
12.520000 0.919805 0.922673
12.560000 0.917404 0.920232
12.600000 0.915002 0.917755
12.640000 0.912601 0.915241
12.680000 0.910200 0.912692
12.720000 0.907799 0.910106
12.760000 0.905398 0.907484
12.800000 0.902997 0.904827
12.840000 0.900596 0.902134
12.880000 0.898195 0.899405
12.920000 0.895793 0.896641
12.960000 0.893392 0.893841
13.000000 0.890991 0.891006
13.040000 0.887711 0.888136
13.080000 0.884431 0.885231
13.120000 0.881151 0.882291
13.160000 0.877871 0.879316
13.200000 0.874591 0.876307
13.240000 0.871311 0.873262
13.280000 0.868031 0.870184
13.320000 0.864751 0.867071
13.360000 0.861471 0.863923
13.400000 0.858191 0.860742
13.440000 0.854911 0.857527
13.480000 0.851631 0.854278
13.520000 0.848351 0.850995
13.560000 0.845071 0.847678
13.600000 0.841791 0.844328
13.640000 0.838511 0.840945
13.680000 0.835231 0.837528
13.720000 0.831951 0.834078
13.760000 0.828671 0.830596
13.800000 0.825391 0.827081
13.840000 0.822111 0.823533
13.880000 0.818831 0.819952
13.920000 0.815551 0.816339
13.960000 0.812271 0.812694
14.000000 0.808990 0.809017
14.040000 0.804915 0.805308
14.080000 0.800839 0.801567
14.120000 0.796763 0.797794
14.160000 0.792687 0.793990
14.200000 0.788611 0.790155
14.240000 0.784535 0.786288
14.280000 0.780459 0.782391
14.320000 0.776383 0.778462
14.360000 0.772307 0.774503
14.400000 0.768231 0.770513
14.440000 0.764155 0.766493
14.480000 0.760079 0.762443
14.520000 0.756003 0.758362
14.560000 0.751927 0.754251
14.600000 0.747852 0.750111
14.640000 0.743776 0.745941
14.680000 0.739700 0.741742
14.720000 0.735624 0.737513
14.760000 0.731548 0.733255
14.800000 0.727472 0.728969
14.840000 0.723396 0.724653
14.880000 0.719320 0.720309
14.920000 0.715244 0.715936
14.960000 0.711168 0.711536
15.000000 0.707092 0.707107
15.040000 0.702319 0.702650
15.080000 0.697546 0.698165
15.120000 0.692773 0.693653
15.160000 0.688001 0.689114
15.200000 0.683228 0.684547
15.240000 0.678455 0.679953
15.280000 0.673682 0.675333
15.320000 0.668909 0.670686
15.360000 0.664136 0.666012
15.400000 0.659363 0.661312
15.440000 0.654590 0.656586
15.480000 0.649817 0.651834
15.520000 0.645044 0.647056
15.560000 0.640271 0.642253
15.600000 0.635498 0.637424
15.640000 0.630725 0.632570
15.680000 0.625952 0.627691
15.720000 0.621179 0.622788
15.760000 0.616406 0.617860
15.800000 0.611633 0.612907
15.840000 0.606860 0.607930
15.880000 0.602087 0.602930
15.920000 0.597314 0.597905
15.960000 0.592542 0.592857
16.000000 0.587769 0.587785
16.040001 0.582417 0.582690
16.080000 0.577065 0.577573
16.120001 0.571714 0.572432
16.160000 0.566362 0.567269
16.200001 0.561011 0.562083
16.240000 0.555659 0.556876
16.280001 0.550308 0.551646
16.320000 0.544956 0.546394
16.360001 0.539604 0.541121
16.400000 0.535591 0.535827
16.440001 0.528901 0.530511
16.480000 0.523550 0.525175
16.520000 0.518198 0.519817
16.559999 0.514185 0.514440
16.600000 0.507495 0.509041
16.639999 0.502144 0.503623
16.680000 0.496792 0.498185
16.719999 0.491441 0.492727
16.760000 0.486089 0.487250
16.799999 0.480737 0.481754
16.840000 0.475386 0.476238
16.879999 0.470034 0.470704
16.920000 0.464683 0.465151
16.959999 0.459331 0.459580
17.000000 0.453979 0.453991
17.040001 0.448180 0.448383
17.080000 0.442380 0.442758
17.120001 0.436581 0.437116
17.160000 0.430781 0.431456
17.200001 0.424982 0.425779
17.240000 0.419182 0.420086
17.280001 0.413382 0.414375
17.320000 0.407583 0.408649
17.360001 0.401783 0.402906
17.400000 0.395984 0.397148
17.440001 0.390184 0.391374
17.480000 0.384385 0.385584
17.520000 0.378585 0.379779
17.559999 0.374236 0.373959
17.600000 0.366986 0.368124
17.639999 0.361187 0.362276
17.680000 0.355387 0.356412
17.719999 0.349588 0.350534
17.760000 0.343788 0.344643
17.799999 0.337988 0.338738
17.840000 0.332189 0.332820
17.879999 0.326389 0.326888
17.920000 0.320590 0.320944
17.959999 0.314790 0.314987
18.000000 0.308990 0.309017
18.040001 0.302887 0.303035
18.080000 0.296783 0.297042
18.120001 0.290680 0.291036
18.160000 0.284576 0.285019
18.200001 0.278473 0.278991
18.240000 0.272369 0.272952
18.280001 0.266266 0.266902
18.320000 0.260162 0.260841
18.360001 0.254059 0.254771
18.400000 0.247955 0.248690
18.440001 0.241852 0.242599
18.480000 0.235748 0.236499
18.520000 0.229645 0.230389
18.559999 0.225067 0.224271
18.600000 0.217438 0.218143
18.639999 0.211334 0.212007
18.680000 0.205231 0.205863
18.719999 0.199127 0.199710
18.760000 0.193024 0.193549
18.799999 0.186920 0.187382
18.840000 0.180817 0.181206
18.879999 0.174713 0.175023
18.920000 0.168610 0.168833
18.959999 0.162506 0.162637
19.000000 0.156403 0.156434
19.040001 0.150146 0.150225
19.080000 0.143890 0.144011
19.120001 0.137634 0.137790
19.160000 0.131378 0.131564
19.200001 0.125122 0.125333
19.240000 0.118866 0.119097
19.280001 0.112610 0.112856
19.320000 0.106354 0.106611
19.360001 0.100098 0.100362
19.400000 0.093842 0.094108
19.440001 0.087585 0.087851
19.480000 0.081329 0.081591
19.520000 0.075073 0.075327
19.559999 0.070381 0.069060
19.600000 0.062561 0.062790
19.639999 0.056305 0.056519
19.680000 0.050049 0.050244
19.719999 0.043793 0.043968
19.760000 0.037537 0.037690
19.799999 0.031281 0.031411
19.840000 0.025024 0.025130
19.879999 0.018768 0.018849
19.920000 0.012512 0.012566
19.959999 0.006256 0.006283
20.000000 0.000000 -0.000000
20.040001 -0.006257 -0.006283
20.080000 -0.012515 -0.012566
20.120001 -0.018772 -0.018849
20.160000 -0.025029 -0.025130
20.200001 -0.031287 -0.031411
20.240000 -0.037544 -0.037690
20.280001 -0.043801 -0.043968
20.320000 -0.050059 -0.050244
20.360001 -0.056316 -0.056519
20.400000 -0.062573 -0.062790
20.440001 -0.068831 -0.069060
20.480000 -0.075088 -0.075327
20.520000 -0.081345 -0.081591
20.559999 -0.087602 -0.087851
20.600000 -0.093860 -0.094108
20.639999 -0.100117 -0.100362
20.680000 -0.106375 -0.106611
20.719999 -0.112632 -0.112856
20.760000 -0.118889 -0.119097
20.799999 -0.125146 -0.125333
20.840000 -0.131404 -0.131564
20.879999 -0.137661 -0.137790
20.920000 -0.143918 -0.144011
20.959999 -0.150176 -0.150225
21.000000 -0.156433 -0.156434
21.040001 -0.162537 -0.162637
21.080000 -0.168640 -0.168833
21.120001 -0.174744 -0.175023
21.160000 -0.180847 -0.181206
21.200001 -0.186951 -0.187381
21.240000 -0.193054 -0.193549
21.280001 -0.199158 -0.199710
21.320000 -0.205261 -0.205863
21.360001 -0.211365 -0.212007
21.400000 -0.217468 -0.218143
21.440001 -0.223572 -0.224271
21.480000 -0.229675 -0.230389
21.520000 -0.235779 -0.236499
21.559999 -0.241882 -0.242599
21.600000 -0.247986 -0.248690
21.639999 -0.254089 -0.254771
21.680000 -0.260193 -0.260842
21.719999 -0.266296 -0.266902
21.760000 -0.272400 -0.272952
21.799999 -0.278503 -0.278991
21.840000 -0.284607 -0.285019
21.879999 -0.290710 -0.291036
21.920000 -0.296814 -0.297042
21.959999 -0.302917 -0.303035
22.000000 -0.309021 -0.309017
22.040001 -0.314821 -0.314987
22.080000 -0.320620 -0.320944
22.120001 -0.326420 -0.326888
22.160000 -0.332219 -0.332819
22.200001 -0.338019 -0.338738
22.240000 -0.343818 -0.344643
22.280001 -0.349618 -0.350534
22.320000 -0.355417 -0.356412
22.360001 -0.361217 -0.362276
22.400000 -0.367017 -0.368125
22.440001 -0.372816 -0.373959
22.480000 -0.378616 -0.379779
22.520000 -0.384415 -0.385584
22.559999 -0.390215 -0.391374
22.600000 -0.396014 -0.397148
22.639999 -0.401814 -0.402906
22.680000 -0.407614 -0.408649
22.719999 -0.413413 -0.414375
22.760000 -0.419213 -0.420086
22.799999 -0.425012 -0.425779
22.840000 -0.430812 -0.431456
22.879999 -0.436611 -0.437116
22.920000 -0.442411 -0.442758
22.959999 -0.448210 -0.448383
23.000000 -0.454010 -0.453991
23.040001 -0.459362 -0.459580
23.080000 -0.464713 -0.465151
23.120001 -0.470065 -0.470704
23.160000 -0.475416 -0.476238
23.200001 -0.480768 -0.481754
23.240000 -0.486119 -0.487250
23.280001 -0.491471 -0.492727
23.320000 -0.496822 -0.498185
23.360001 -0.502174 -0.503623
23.400000 -0.507526 -0.509041
23.440001 -0.512877 -0.514440
23.480000 -0.518229 -0.519817
23.520000 -0.523580 -0.525175
23.559999 -0.528932 -0.530511
23.600000 -0.534284 -0.535827
23.639999 -0.539635 -0.541121
23.680000 -0.544987 -0.546394
23.719999 -0.550338 -0.551646
23.760000 -0.555690 -0.556876
23.799999 -0.561041 -0.562083
23.840000 -0.566393 -0.567269
23.879999 -0.571744 -0.572432
23.920000 -0.577096 -0.577573
23.959999 -0.582447 -0.582690
24.000000 -0.587799 -0.587785
24.040001 -0.592572 -0.592857
24.080000 -0.597345 -0.597905
24.120001 -0.602118 -0.602930
24.160000 -0.606891 -0.607930
24.200001 -0.611664 -0.612907
24.240000 -0.616437 -0.617860
24.280001 -0.621210 -0.622788
24.320000 -0.625983 -0.627691
24.360001 -0.630756 -0.632570
24.400000 -0.635529 -0.637424
24.440001 -0.640302 -0.642253
24.480000 -0.645074 -0.647056
24.520000 -0.649847 -0.651834
24.559999 -0.654620 -0.656586
24.600000 -0.659393 -0.661312
24.639999 -0.664166 -0.666012
24.680000 -0.668939 -0.670686
24.719999 -0.673712 -0.675333
24.760000 -0.678485 -0.679953
24.799999 -0.683258 -0.684547
24.840000 -0.688031 -0.689114
24.879999 -0.692804 -0.693653
24.920000 -0.697577 -0.698165
24.959999 -0.702350 -0.702650
25.000000 -0.707123 -0.707107
25.040001 -0.711199 -0.711536
25.080000 -0.715275 -0.715936
25.120001 -0.719351 -0.720309
25.160000 -0.723427 -0.724653
25.200001 -0.727503 -0.728969
25.240000 -0.731578 -0.733255
25.280001 -0.735654 -0.737513
25.320000 -0.739730 -0.741742
25.360001 -0.743806 -0.745941
25.400000 -0.747882 -0.750111
25.440001 -0.751958 -0.754251
25.480000 -0.756034 -0.758362
25.520000 -0.760110 -0.762443
25.559999 -0.764186 -0.766493
25.600000 -0.768262 -0.770513
25.639999 -0.772338 -0.774503
25.680000 -0.776414 -0.778462
25.719999 -0.780489 -0.782391
25.760000 -0.784565 -0.786289
25.799999 -0.788641 -0.790155
25.840000 -0.792717 -0.793990
25.879999 -0.796793 -0.797794
25.920000 -0.800869 -0.801567
25.959999 -0.804945 -0.805308
26.000000 -0.809021 -0.809017
26.040001 -0.812301 -0.812694
26.080000 -0.815581 -0.816339
26.120001 -0.818861 -0.819952
26.160000 -0.822141 -0.823533
26.200001 -0.825421 -0.827081
26.240000 -0.828701 -0.830596
26.280001 -0.831981 -0.834078
26.320000 -0.835261 -0.837528
26.360001 -0.838541 -0.840945
26.400000 -0.841821 -0.844328
26.440001 -0.845101 -0.847678
26.480000 -0.848381 -0.850994
26.520000 -0.851661 -0.854277
26.559999 -0.854941 -0.857527
26.600000 -0.858221 -0.860742
26.639999 -0.861501 -0.863923
26.680000 -0.864781 -0.867071
26.719999 -0.868061 -0.870184
26.760000 -0.871342 -0.873263
26.799999 -0.874622 -0.876307
26.840000 -0.877902 -0.879316
26.879999 -0.881182 -0.882291
26.920000 -0.884462 -0.885231
26.959999 -0.887742 -0.888136
27.000000 -0.891022 -0.891006
27.040001 -0.893423 -0.893841
27.080000 -0.895824 -0.896641
27.120001 -0.898225 -0.899405
27.160000 -0.900626 -0.902134
27.200001 -0.903027 -0.904827
27.240000 -0.905428 -0.907484
27.280001 -0.907830 -0.910106
27.320000 -0.910231 -0.912692
27.360001 -0.912632 -0.915241
27.400000 -0.915033 -0.917755
27.440001 -0.917434 -0.920232
27.480000 -0.919835 -0.922673
27.520000 -0.922236 -0.925077
27.559999 -0.924637 -0.927445
27.600000 -0.927039 -0.929776
27.639999 -0.929440 -0.932071
27.680000 -0.931841 -0.934329
27.719999 -0.934242 -0.936550
27.760000 -0.936643 -0.938734
27.799999 -0.939044 -0.940881
27.840000 -0.941445 -0.942991
27.879999 -0.943846 -0.945063
27.920000 -0.946248 -0.947098
27.959999 -0.948649 -0.949096
28.000000 -0.951050 -0.951056
28.040001 -0.952516 -0.952979
28.080000 -0.953982 -0.954865
28.120001 -0.955448 -0.956712
28.160000 -0.956914 -0.958522
28.200001 -0.958380 -0.960294
28.240000 -0.959846 -0.962028
28.280001 -0.961312 -0.963724
28.320000 -0.962778 -0.965382
28.360001 -0.964244 -0.967002
28.400000 -0.965710 -0.968583
28.440001 -0.967177 -0.970127
28.480000 -0.968643 -0.971632
28.520000 -0.970109 -0.973099
28.559999 -0.971575 -0.974527
28.600000 -0.973041 -0.975917
28.639999 -0.974507 -0.977268
28.680000 -0.975973 -0.978581
28.719999 -0.977439 -0.979855
28.760000 -0.978905 -0.981090
28.799999 -0.980371 -0.982287
28.840000 -0.981837 -0.983445
28.879999 -0.983303 -0.984564
28.920000 -0.984769 -0.985645
28.959999 -0.986235 -0.986686
29.000000 -0.987701 -0.987688
29.040001 -0.988193 -0.988652
29.080000 -0.988685 -0.989576
29.120001 -0.989177 -0.990461
29.160000 -0.989669 -0.991308
29.200001 -0.990161 -0.992115
29.240000 -0.990653 -0.992883
29.280001 -0.991145 -0.993611
29.320000 -0.991637 -0.994301
29.360001 -0.992129 -0.994951
29.400000 -0.992621 -0.995562
29.440001 -0.993113 -0.996134
29.480000 -0.993605 -0.996666
29.520000 -0.994097 -0.997159
29.559999 -0.994589 -0.997612
29.600000 -0.995081 -0.998027
29.639999 -0.995573 -0.998402
29.680000 -0.996064 -0.998737
29.719999 -0.996556 -0.999033
29.760000 -0.997048 -0.999289
29.799999 -0.997540 -0.999507
29.840000 -0.998032 -0.999684
29.879999 -0.998524 -0.999822
29.920000 -0.999016 -0.999921
29.959999 -0.999508 -0.999980
30.000000 -1.000000 -1.000000
30.040001 -0.999508 -0.999980
30.080000 -0.999016 -0.999921
30.120001 -0.998524 -0.999822
30.160000 -0.998032 -0.999684
30.200001 -0.997540 -0.999507
30.240000 -0.997048 -0.999289
30.280001 -0.996556 -0.999033
30.320000 -0.996064 -0.998737
30.360001 -0.995573 -0.998402
30.400000 -0.995081 -0.998027
30.440001 -0.994589 -0.997612
30.480000 -0.994097 -0.997159
30.520000 -0.993605 -0.996666
30.559999 -0.993113 -0.996134
30.600000 -0.992621 -0.995562
30.639999 -0.992129 -0.994951
30.680000 -0.991637 -0.994301
30.719999 -0.991145 -0.993611
30.760000 -0.990653 -0.992883
30.799999 -0.990161 -0.992115
30.840000 -0.989669 -0.991308
30.879999 -0.989177 -0.990461
30.920000 -0.988685 -0.989576
30.959999 -0.988193 -0.988652
31.000000 -0.987701 -0.987688
31.040001 -0.986235 -0.986686
31.080000 -0.984769 -0.985645
31.120001 -0.983303 -0.984564
31.160000 -0.981837 -0.983445
31.200001 -0.980371 -0.982287
31.240000 -0.978905 -0.981090
31.280001 -0.977439 -0.979855
31.320000 -0.975973 -0.978581
31.360001 -0.974507 -0.977268
31.400000 -0.973041 -0.975917
31.440001 -0.971575 -0.974527
31.480000 -0.970109 -0.973099
31.520000 -0.968643 -0.971632
31.559999 -0.967177 -0.970127
31.600000 -0.965710 -0.968583
31.639999 -0.964244 -0.967002
31.680000 -0.962778 -0.965382
31.719999 -0.961312 -0.963724
31.760000 -0.959846 -0.962028
31.799999 -0.958380 -0.960294
31.840000 -0.956914 -0.958522
31.879999 -0.955448 -0.956712
31.920000 -0.953982 -0.954865
31.959999 -0.952516 -0.952979
32.000000 -0.951050 -0.951056
32.040001 -0.948649 -0.949096
32.080002 -0.946247 -0.947098
32.119999 -0.944447 -0.945063
32.160000 -0.941445 -0.942991
32.200001 -0.939044 -0.940881
32.240002 -0.936643 -0.938734
32.279999 -0.934242 -0.936550
32.320000 -0.931841 -0.934329
32.360001 -0.929440 -0.932071
32.400002 -0.927038 -0.929776
32.439999 -0.924638 -0.927445
32.480000 -0.922236 -0.925077
32.520000 -0.919835 -0.922673
32.560001 -0.917434 -0.920232
32.599998 -0.915033 -0.917755
32.639999 -0.912632 -0.915241
32.680000 -0.910231 -0.912692
32.720001 -0.907830 -0.910106
32.759998 -0.905429 -0.907485
32.799999 -0.903628 -0.904827
32.840000 -0.900626 -0.902134
32.880001 -0.898225 -0.899405
32.919998 -0.895824 -0.896641
32.959999 -0.893423 -0.893842
33.000000 -0.891022 -0.891006
33.040001 -0.887742 -0.888136
33.080002 -0.884462 -0.885231
33.119999 -0.882002 -0.882291
33.160000 -0.877902 -0.879316
33.200001 -0.874622 -0.876307
33.240002 -0.871341 -0.873262
33.279999 -0.868062 -0.870184
33.320000 -0.864781 -0.867071
33.360001 -0.861501 -0.863923
33.400002 -0.858221 -0.860742
33.439999 -0.854941 -0.857527
33.480000 -0.851661 -0.854277
33.520000 -0.848381 -0.850994
33.560001 -0.845101 -0.847678
33.599998 -0.841821 -0.844328
33.639999 -0.838541 -0.840945
33.680000 -0.835261 -0.837528
33.720001 -0.831981 -0.834078
33.759998 -0.828701 -0.830596
33.799999 -0.826241 -0.827081
33.840000 -0.822141 -0.823533
33.880001 -0.818861 -0.819952
33.919998 -0.815581 -0.816339
33.959999 -0.812301 -0.812694
34.000000 -0.809021 -0.809017
34.040001 -0.804945 -0.805308
34.080002 -0.800869 -0.801567
34.119999 -0.797812 -0.797795
34.160000 -0.792717 -0.793990
34.200001 -0.788641 -0.790155
34.240002 -0.784565 -0.786288
34.279999 -0.780490 -0.782391
34.320000 -0.776414 -0.778462
34.360001 -0.772338 -0.774503
34.400002 -0.768262 -0.770513
34.439999 -0.764186 -0.766493
34.480000 -0.760110 -0.762443
34.520000 -0.756034 -0.758362
34.560001 -0.751958 -0.754251
34.599998 -0.747882 -0.750111
34.639999 -0.743806 -0.745941
34.680000 -0.739730 -0.741742
34.720001 -0.735654 -0.737513
34.759998 -0.731579 -0.733256
34.799999 -0.727503 -0.728969
34.840000 -0.723427 -0.724653
34.880001 -0.719350 -0.720309
34.919998 -0.715275 -0.715937
34.959999 -0.711199 -0.711536
35.000000 -0.707123 -0.707107
35.040001 -0.702350 -0.702650
35.080002 -0.697577 -0.698165
35.119999 -0.693997 -0.693654
35.160000 -0.688031 -0.689114
35.200001 -0.683258 -0.684547
35.240002 -0.678485 -0.679953
35.279999 -0.673712 -0.675333
35.320000 -0.668939 -0.670685
35.360001 -0.664166 -0.666012
35.400002 -0.659393 -0.661312
35.439999 -0.654621 -0.656586
35.480000 -0.649847 -0.651834
35.520000 -0.645074 -0.647056
35.560001 -0.640301 -0.642252
35.599998 -0.635529 -0.637424
35.639999 -0.630756 -0.632570
35.680000 -0.625983 -0.627691
35.720001 -0.621210 -0.622788
35.759998 -0.616437 -0.617860
35.799999 -0.611664 -0.612907
35.840000 -0.606891 -0.607930
35.880001 -0.602118 -0.602929
35.919998 -0.597345 -0.597905
35.959999 -0.592572 -0.592857
36.000000 -0.587799 -0.587785
36.040001 -0.582447 -0.582690
36.080002 -0.577096 -0.577573
36.119999 -0.573082 -0.572432
36.160000 -0.566393 -0.567269
36.200001 -0.561041 -0.562083
36.240002 -0.555689 -0.556876
36.279999 -0.550338 -0.551646
36.320000 -0.544987 -0.546395
36.360001 -0.539635 -0.541121
36.400002 -0.534283 -0.535826
36.439999 -0.528932 -0.530512
36.480000 -0.523580 -0.525175
36.520000 -0.518229 -0.519817
36.560001 -0.512877 -0.514439
36.599998 -0.507526 -0.509041
36.639999 -0.502174 -0.503623
36.680000 -0.496822 -0.498185
36.720001 -0.491471 -0.492727
36.759998 -0.486120 -0.487250
36.799999 -0.480768 -0.481754
36.840000 -0.475416 -0.476238
36.880001 -0.470065 -0.470704
36.919998 -0.464713 -0.465151
36.959999 -0.459362 -0.459580
37.000000 -0.454010 -0.453991
37.040001 -0.448210 -0.448383
37.080002 -0.442411 -0.442758
37.119999 -0.438061 -0.437116
37.160000 -0.430812 -0.431456
37.200001 -0.425012 -0.425779
37.240002 -0.419212 -0.420086
37.279999 -0.413413 -0.414376
37.320000 -0.407614 -0.408649
37.360001 -0.401814 -0.402907
37.400002 -0.396014 -0.397148
37.439999 -0.390215 -0.391374
37.480000 -0.384415 -0.385584
37.520000 -0.378616 -0.379779
37.560001 -0.372816 -0.373959
37.599998 -0.367017 -0.368125
37.639999 -0.361217 -0.362275
37.680000 -0.355417 -0.356412
37.720001 -0.349618 -0.350534
37.759998 -0.343819 -0.344643
37.799999 -0.338019 -0.338738
37.840000 -0.332219 -0.332819
37.880001 -0.326420 -0.326888
37.919998 -0.320620 -0.320944
37.959999 -0.314821 -0.314987
38.000000 -0.309021 -0.309017
38.040001 -0.302917 -0.303035
38.080002 -0.296814 -0.297041
38.119999 -0.292236 -0.291036
38.160000 -0.284607 -0.285019
38.200001 -0.278503 -0.278991
38.240002 -0.272400 -0.272952
38.279999 -0.266297 -0.266902
38.320000 -0.260193 -0.260842
38.360001 -0.254089 -0.254771
38.400002 -0.247986 -0.248690
38.439999 -0.241883 -0.242600
38.480000 -0.235779 -0.236499
38.520000 -0.229675 -0.230390
38.560001 -0.223572 -0.224271
38.599998 -0.217469 -0.218144
38.639999 -0.211365 -0.212007
38.680000 -0.205261 -0.205862
38.720001 -0.199158 -0.199710
38.759998 -0.193054 -0.193550
38.799999 -0.186951 -0.187381
38.840000 -0.180847 -0.181206
38.880001 -0.174743 -0.175023
38.919998 -0.168640 -0.168834
38.959999 -0.162537 -0.162637
39.000000 -0.156433 -0.156434
39.040001 -0.150176 -0.150225
39.080002 -0.143918 -0.144010
39.119999 -0.139225 -0.137790
39.160000 -0.131404 -0.131564
39.200001 -0.125146 -0.125333
39.240002 -0.118889 -0.119097
39.279999 -0.112632 -0.112857
39.320000 -0.106375 -0.106611
39.360001 -0.100117 -0.100362
39.400002 -0.093860 -0.094108
39.439999 -0.087603 -0.087851
39.480000 -0.081345 -0.081591
39.520000 -0.075088 -0.075327
39.560001 -0.068830 -0.069060
39.599998 -0.062573 -0.062791
39.639999 -0.056316 -0.056519
39.680000 -0.050059 -0.050244
39.720001 -0.043801 -0.043968
39.759998 -0.037544 -0.037691
39.799999 -0.031287 -0.031411
39.840000 -0.025029 -0.025130
39.880001 -0.018772 -0.018848
39.919998 -0.012515 -0.012567
39.959999 -0.006257 -0.006283
